-0.008929
-0.089098
 0.049014
 0.049014
-0.008941
-0.089081
 0.049011
 0.049011
-0.008941
-0.089081
 0.049011
 0.049011
-0.008912
-0.089086
 0.048655
 0.049343
-0.008912
-0.089086
 0.049343
 0.048655
-0.010270
-0.086780
 0.048525
 0.048525
-0.007595
-0.091355
 0.049475
 0.049475
-0.008926
-0.089103
 0.049014
 0.049014
-0.008926
-0.089103
 0.049014
 0.049014
-0.008925
-0.089104
 0.049358
 0.048671
-0.008925
-0.089104
 0.048671
 0.049358
-0.007551
-0.091036
 0.049293
 0.049293
-0.010331
-0.087134
 0.048732
 0.048732
-0.008931
-0.089096
 0.049014
 0.049014
-0.008931
-0.089096
 0.049014
 0.049014
-0.008883
-0.088730
 0.048801
 0.048812
-0.008977
-0.089452
 0.049209
 0.049219
-0.008957
-0.089262
 0.048804
 0.049415
-0.008905
-0.088926
 0.049212
 0.048619
-0.008931
-0.089096
 0.049014
 0.049014
-0.008931
-0.089096
 0.049014
 0.049014
-0.008977
-0.089452
 0.049219
 0.049209
-0.008883
-0.088730
 0.048812
 0.048801
-0.008957
-0.089262
 0.049415
 0.048804
-0.008905
-0.088926
 0.048619
 0.049212
