 0.000000
 0.000000
-0.000000
-0.000000
 0.003336
-0.002398
-0.001999
-0.001999
-0.003336
 0.002398
 0.001999
 0.001999
 0.000000
 0.000000
 0.000000
-0.000000
 0.000000
 0.000000
 0.000000
-0.000000
 0.000000
 0.000000
 0.000000
-0.000000
 0.000000
 0.000000
 0.000000
-0.000000
-0.001560
 0.000791
 0.000075
 0.000075
 0.001560
-0.000791
-0.000075
-0.000075
 0.000000
 0.000000
 0.000000
-0.000000
 0.000000
 0.000000
 0.000000
-0.000000
 0.000000
 0.000000
 0.000000
-0.000000
 0.000000
 0.000000
 0.000000
-0.000000
-0.000888
 0.000804
 0.001667
 0.000257
 0.000888
-0.000804
-0.001667
-0.000257
 0.000000
 0.000000
-0.000000
-0.000000
 0.000000
 0.000000
 0.000000
-0.000000
 0.000000
 0.000000
 0.000000
-0.000000
 0.000000
 0.000000
 0.000000
-0.000000
-0.000888
 0.000804
 0.000257
 0.001667
 0.000888
-0.000804
-0.000257
-0.001667
 0.000000
 0.000000
 0.000000
-0.000000
 0.000000
 0.000000
 0.000000
-0.000000
 0.000000
 0.000000
 0.000000
-0.000000
 0.000000
 0.000000
 0.000000
-0.000000
