 0.000000
-0.000000
-0.130010
 0.130010
 0.000000
-0.000000
-0.130000
 0.130000
-0.000000
-0.000000
-0.130000
 0.130000
 0.004485
-0.002705
-0.129855
 0.130159
-0.004485
 0.002705
-0.130159
 0.129855
-0.000000
-0.000000
-0.128365
 0.128365
-0.000000
-0.000000
-0.131619
 0.131619
 0.000000
-0.000000
-0.130011
 0.130011
 0.000000
-0.000000
-0.130011
 0.130011
-0.001751
 0.001615
-0.130055
 0.129966
 0.001751
-0.001615
-0.129966
 0.130055
 0.000000
-0.000000
-0.130213
 0.130213
-0.000000
 0.000000
-0.129801
 0.129801
 0.000003
 0.000001
-0.130001
 0.130012
 0.000003
 0.000001
-0.130001
 0.130012
-0.001367
 0.000547
-0.129450
 0.129343
 0.001368
-0.000543
-0.130561
 0.130669
-0.000123
-0.000889
-0.131238
 0.130199
 0.000137
 0.000877
-0.128763
 0.129831
-0.000003
-0.000001
-0.130012
 0.130001
-0.000003
-0.000001
-0.130012
 0.130001
-0.001368
 0.000543
-0.130669
 0.130561
 0.001367
-0.000547
-0.129343
 0.129450
 0.000123
 0.000889
-0.130199
 0.131238
-0.000137
-0.000877
-0.129831
 0.128763
