-0.150124
 0.035466
-0.098242
-0.098242
-0.150098
 0.035448
-0.098236
-0.098236
-0.150098
 0.035448
-0.098236
-0.098236
-0.150112
 0.035464
-0.096673
-0.099783
-0.150112
 0.035464
-0.099783
-0.096673
-0.148440
 0.035508
-0.098657
-0.098657
-0.151826
 0.035472
-0.097791
-0.097791
-0.150117
 0.035467
-0.098244
-0.098244
-0.150117
 0.035467
-0.098244
-0.098244
-0.150116
 0.035460
-0.098422
-0.098066
-0.150116
 0.035460
-0.098066
-0.098422
-0.149882
 0.038072
-0.098893
-0.098893
-0.150385
 0.032865
-0.097574
-0.097574
-0.150119
 0.035469
-0.098234
-0.098242
-0.150119
 0.035469
-0.098234
-0.098242
-0.150704
 0.034786
-0.099791
-0.098421
-0.149539
 0.036153
-0.096684
-0.098067
-0.151095
 0.034153
-0.097257
-0.098128
-0.149151
 0.036774
-0.099215
-0.098355
-0.150119
 0.035469
-0.098242
-0.098234
-0.150119
 0.035469
-0.098242
-0.098234
-0.149539
 0.036153
-0.098067
-0.096684
-0.150704
 0.034786
-0.098421
-0.099791
-0.151095
 0.034153
-0.098128
-0.097257
-0.149150
 0.036774
-0.098355
-0.099215
