 0.169083
 0.003769
 0.003769
-0.176624
 0.169084
 0.003768
 0.003768
-0.176624
 0.169085
 0.003768
 0.003768
-0.176624
 0.169084
-0.002295
 0.009823
-0.176615
 0.169084
 0.009823
-0.002295
-0.176615
 0.171636
 0.000097
 0.000097
-0.171832
 0.166561
 0.007407
 0.007407
-0.181379
 0.169086
 0.003758
 0.003773
-0.176620
 0.169086
 0.003758
 0.003773
-0.176620
 0.168313
 0.006950
 0.002174
-0.177440
 0.169843
 0.000592
 0.005362
-0.175800
 0.168404
 0.005629
 0.003433
-0.177469
 0.169762
 0.001892
 0.004117
-0.175774
 0.169086
 0.003773
 0.003758
-0.176620
 0.169086
 0.003773
 0.003758
-0.176620
 0.169843
 0.005362
 0.000592
-0.175800
 0.168313
 0.002174
 0.006950
-0.177440
 0.168404
 0.003433
 0.005629
-0.177469
 0.169762
 0.004117
 0.001892
-0.175774
 0.169078
 0.003777
 0.003777
-0.176636
 0.169078
 0.003777
 0.003777
-0.176636
 0.169082
 0.005060
 0.002489
-0.176634
 0.169082
 0.002489
 0.005060
-0.176634
 0.167919
 0.005883
 0.005883
-0.179688
 0.170277
 0.001626
 0.001626
-0.173531
