 0.000000
-0.000000
-0.000000
-0.000000
 0.004197
-0.002247
-0.002247
-0.000561
-0.004197
 0.002247
 0.002247
 0.000561
 0.000000
-0.000000
 0.000000
-0.000000
 0.000000
-0.000000
-0.000000
-0.000000
 0.000000
-0.000000
-0.000000
 0.000000
-0.000000
-0.000000
 0.000000
 0.000000
-0.001043
 0.000834
 0.000386
 0.000229
 0.001043
-0.000834
-0.000386
-0.000229
 0.000000
-0.000000
-0.000000
-0.000000
 0.000000
-0.000000
 0.000000
-0.000000
 0.000000
-0.000000
 0.000000
-0.000000
 0.000000
-0.000000
 0.000000
 0.000000
-0.001043
 0.000386
 0.000834
 0.000229
 0.001043
-0.000386
-0.000834
-0.000229
 0.000000
-0.000000
-0.000000
-0.000000
-0.000000
-0.000000
 0.000000
-0.000000
 0.000000
-0.000000
 0.000000
-0.000000
-0.000000
-0.000000
-0.000000
-0.000000
-0.002111
 0.001026
 0.001026
 0.000104
 0.002111
-0.001026
-0.001026
-0.000104
 0.000000
-0.000000
 0.000000
-0.000000
-0.000000
-0.000000
-0.000000
-0.000000
 0.000000
-0.000000
 0.000000
-0.000000
 0.000000
-0.000000
 0.000000
-0.000000
