-0.000000
-0.071278
 0.071278
 0.000000
-0.000000
-0.071273
 0.071273
-0.000000
-0.000000
-0.071273
 0.071273
 0.000000
 0.001539
-0.070965
 0.071605
-0.000573
-0.001539
-0.071605
 0.070965
 0.000573
 0.000000
-0.068773
 0.068773
 0.000000
 0.000000
-0.073743
 0.073743
 0.000000
-0.000004
-0.071276
 0.071281
 0.000001
-0.000004
-0.071276
 0.071281
 0.000001
 0.000097
-0.070369
 0.070051
-0.000004
-0.000088
-0.072195
 0.072483
 0.000006
 0.000609
-0.071491
 0.071258
-0.000335
-0.000606
-0.071058
 0.071303
 0.000328
 0.000004
-0.071281
 0.071276
-0.000001
 0.000004
-0.071281
 0.071276
-0.000001
 0.000088
-0.072483
 0.072195
-0.000006
-0.000097
-0.070051
 0.070369
 0.000004
-0.000609
-0.071258
 0.071491
 0.000335
 0.000606
-0.071303
 0.071058
-0.000328
-0.000000
-0.071285
 0.071285
 0.000000
-0.000000
-0.071285
 0.071285
-0.000000
-0.001723
-0.071302
 0.071269
 0.000583
 0.001723
-0.071269
 0.071302
-0.000583
 0.000000
-0.073546
 0.073546
-0.000000
 0.000000
-0.068964
 0.068964
-0.000000
