-0.028359
-0.008011
-0.008011
-0.035992
-0.028351
-0.008012
-0.008012
-0.036002
-0.028351
-0.008012
-0.008012
-0.036002
-0.028348
-0.005378
-0.010660
-0.035999
-0.028348
-0.010660
-0.005378
-0.035999
-0.026228
-0.009673
-0.009673
-0.032493
-0.030453
-0.006362
-0.006362
-0.039343
-0.028360
-0.008011
-0.008014
-0.035990
-0.028360
-0.008011
-0.008014
-0.035990
-0.028214
-0.008354
-0.007509
-0.036649
-0.028493
-0.007689
-0.008517
-0.035337
-0.028789
-0.006039
-0.007276
-0.036532
-0.027929
-0.009968
-0.008753
-0.035452
-0.028360
-0.008014
-0.008011
-0.035990
-0.028360
-0.008014
-0.008011
-0.035990
-0.028493
-0.008517
-0.007689
-0.035337
-0.028214
-0.007509
-0.008354
-0.036649
-0.028789
-0.007276
-0.006039
-0.036532
-0.027929
-0.008753
-0.009968
-0.035452
-0.028353
-0.008017
-0.008017
-0.036004
-0.028353
-0.008017
-0.008017
-0.036004
-0.028352
-0.009813
-0.006204
-0.036006
-0.028352
-0.006204
-0.009813
-0.036006
-0.029600
-0.009055
-0.009055
-0.038252
-0.027096
-0.006960
-0.006960
-0.033562
