-0.218198
 0.361250
-0.071526
-0.071526
-0.218206
 0.361249
-0.071522
-0.071522
-0.218206
 0.361249
-0.071522
-0.071522
-0.218207
 0.361254
-0.070659
-0.072388
-0.218207
 0.361254
-0.072388
-0.070659
-0.220789
 0.361210
-0.070211
-0.070211
-0.215577
 0.361295
-0.072859
-0.072859
-0.218167
 0.361255
-0.071544
-0.071544
-0.218167
 0.361255
-0.071544
-0.071544
-0.218195
 0.361273
-0.077640
-0.065439
-0.218195
 0.361273
-0.065439
-0.077640
-0.211570
 0.362640
-0.075535
-0.075535
-0.224827
 0.359910
-0.067542
-0.067542
-0.218186
 0.361253
-0.071546
-0.071522
-0.218186
 0.361253
-0.071546
-0.071522
-0.219805
 0.360591
-0.067771
-0.073015
-0.216589
 0.361918
-0.075279
-0.070051
-0.220213
 0.360595
-0.068770
-0.071613
-0.216190
 0.361917
-0.074303
-0.071424
-0.218186
 0.361253
-0.071522
-0.071546
-0.218186
 0.361253
-0.071522
-0.071546
-0.216589
 0.361918
-0.070051
-0.075279
-0.219805
 0.360591
-0.073015
-0.067771
-0.220213
 0.360595
-0.071613
-0.068770
-0.216190
 0.361917
-0.071424
-0.074303
