 0.000000
 0.000000
-0.000000
-0.000000
 0.000368
-0.003660
 0.000396
 0.000396
-0.000368
 0.003660
-0.000396
-0.000396
 0.000000
 0.000000
 0.000000
-0.000000
 0.000000
 0.000000
 0.000000
-0.000000
 0.000000
 0.000000
 0.000000
-0.000000
 0.000000
 0.000000
 0.000000
-0.000000
-0.001612
 0.007193
-0.000498
-0.000498
 0.001612
-0.007193
 0.000498
 0.000498
 0.000000
 0.000000
 0.000000
-0.000000
 0.000000
 0.000000
-0.000000
 0.000000
 0.000000
 0.000000
 0.000000
-0.000000
 0.000000
 0.000000
 0.000000
 0.000000
 0.000622
-0.001767
-0.000127
 0.000229
-0.000622
 0.001767
 0.000127
-0.000229
 0.000000
 0.000000
 0.000000
-0.000000
 0.000000
 0.000000
 0.000000
-0.000000
 0.000000
 0.000000
 0.000000
-0.000000
 0.000000
 0.000000
 0.000000
-0.000000
 0.000622
-0.001767
 0.000229
-0.000127
-0.000622
 0.001767
-0.000229
 0.000127
 0.000000
 0.000000
 0.000000
 0.000000
 0.000000
 0.000000
-0.000000
-0.000000
 0.000000
 0.000000
 0.000000
 0.000000
 0.000000
 0.000000
 0.000000
-0.000000
