 0.000000
 0.000000
 0.037611
-0.037611
 0.000000
-0.000000
 0.037608
-0.037608
 0.000000
 0.000000
 0.037608
-0.037608
 0.000836
-0.003098
 0.037583
-0.037631
-0.000836
 0.003098
 0.037631
-0.037583
 0.000000
 0.000000
 0.036739
-0.036739
-0.000000
-0.000000
 0.038505
-0.038505
 0.000000
 0.000000
 0.037615
-0.037615
 0.000000
-0.000000
 0.037615
-0.037615
-0.000991
 0.005002
 0.039065
-0.036116
 0.000991
-0.005002
 0.036116
-0.039065
 0.000000
 0.000000
 0.038838
-0.038838
 0.000000
 0.000000
 0.036380
-0.036380
 0.000003
-0.000004
 0.037615
-0.037608
 0.000003
-0.000004
 0.037615
-0.037608
 0.000082
-0.000961
 0.036990
-0.038479
-0.000073
 0.000942
 0.038174
-0.036763
-0.000664
 0.000276
 0.037095
-0.037767
 0.000648
-0.000290
 0.038107
-0.037447
-0.000003
 0.000004
 0.037608
-0.037615
-0.000003
 0.000004
 0.037608
-0.037615
 0.000073
-0.000942
 0.036763
-0.038174
-0.000082
 0.000961
 0.038479
-0.036990
 0.000664
-0.000276
 0.037767
-0.037095
-0.000648
 0.000290
 0.037447
-0.038107
