-0.052874
-0.156252
 0.038585
 0.038585
-0.052884
-0.156245
 0.038580
 0.038580
-0.052884
-0.156245
 0.038580
 0.038580
-0.052888
-0.156245
 0.038133
 0.039032
-0.052888
-0.156245
 0.039032
 0.038133
-0.053936
-0.157854
 0.037601
 0.037601
-0.051640
-0.154622
 0.039589
 0.039589
-0.052882
-0.156254
 0.038585
 0.038585
-0.052882
-0.156254
 0.038585
 0.038585
-0.052879
-0.156248
 0.039723
 0.037424
-0.052879
-0.156248
 0.037424
 0.039723
-0.049454
-0.151775
 0.039359
 0.039359
-0.056160
-0.160752
 0.037788
 0.037788
-0.052868
-0.156255
 0.038587
 0.038584
-0.052868
-0.156255
 0.038587
 0.038584
-0.053845
-0.155838
 0.038040
 0.038759
-0.051906
-0.156674
 0.039089
 0.038409
-0.053983
-0.157700
 0.038495
 0.038873
-0.051778
-0.154828
 0.038654
 0.038297
-0.052868
-0.156255
 0.038584
 0.038587
-0.052868
-0.156255
 0.038584
 0.038587
-0.051906
-0.156674
 0.038409
 0.039089
-0.053845
-0.155838
 0.038759
 0.038040
-0.053983
-0.157700
 0.038873
 0.038495
-0.051778
-0.154828
 0.038297
 0.038654
