-0.221819
 0.133287
 0.044266
 0.044266
-0.221825
 0.133283
 0.044271
 0.044271
-0.221825
 0.133283
 0.044271
 0.044271
-0.221825
 0.133285
 0.043684
 0.044857
-0.221825
 0.133285
 0.044857
 0.043684
-0.223568
 0.132748
 0.045410
 0.045410
-0.220036
 0.133856
 0.043090
 0.043090
-0.221805
 0.133270
 0.044267
 0.044267
-0.221805
 0.133270
 0.044267
 0.044267
-0.221801
 0.133308
 0.045759
 0.042734
-0.221801
 0.133308
 0.042734
 0.045759
-0.219420
 0.134319
 0.042550
 0.042550
-0.224130
 0.132315
 0.045908
 0.045908
-0.221817
 0.133286
 0.044263
 0.044268
-0.221816
 0.133286
 0.044263
 0.044268
-0.221896
 0.133296
 0.043831
 0.044770
-0.221725
 0.133280
 0.044680
 0.043766
-0.222110
 0.133062
 0.044428
 0.044621
-0.221520
 0.133509
 0.044091
 0.043920
-0.221817
 0.133286
 0.044268
 0.044263
-0.221816
 0.133286
 0.044268
 0.044263
-0.221725
 0.133280
 0.043766
 0.044680
-0.221896
 0.133296
 0.044770
 0.043831
-0.222110
 0.133062
 0.044621
 0.044428
-0.221520
 0.133509
 0.043920
 0.044091
