 0.000000
 0.000000
-0.000000
-0.000000
-0.000463
-0.002281
 0.000343
 0.000343
 0.000463
 0.002281
-0.000343
-0.000343
 0.000000
 0.000000
 0.000000
 0.000000
 0.000000
 0.000000
 0.000000
 0.000000
 0.000000
 0.000000
-0.000000
 0.000000
 0.000000
 0.000000
-0.000000
-0.000000
-0.000463
 0.005360
-0.002368
-0.002368
 0.000463
-0.005360
 0.002368
 0.002368
 0.000000
 0.000000
 0.000000
-0.000000
 0.000000
 0.000000
-0.000000
-0.000000
 0.000000
 0.000000
-0.000000
-0.000000
 0.000000
 0.000000
-0.000000
-0.000000
 0.000463
-0.001540
 0.001617
 0.000408
-0.000463
 0.001540
-0.001617
-0.000408
 0.000000
 0.000000
-0.000000
 0.000000
 0.000000
 0.000000
-0.000000
-0.000000
 0.000000
 0.000000
-0.000000
 0.000000
 0.000000
 0.000000
 0.000000
-0.000000
 0.000463
-0.001540
 0.000408
 0.001617
-0.000463
 0.001540
-0.000408
-0.001617
 0.000000
 0.000000
-0.000000
 0.000000
 0.000000
 0.000000
 0.000000
-0.000000
 0.000000
 0.000000
 0.000000
-0.000000
 0.000000
 0.000000
-0.000000
 0.000000
