 0.000000
 0.000000
 0.113271
-0.113271
 0.000000
-0.000000
 0.113275
-0.113275
 0.000000
 0.000000
 0.113275
-0.113275
 0.000148
-0.002630
 0.113378
-0.113174
-0.000148
 0.002630
 0.113174
-0.113378
 0.000000
 0.000000
 0.114310
-0.114310
-0.000000
-0.000000
 0.112192
-0.112192
 0.000000
-0.000000
 0.113261
-0.113261
 0.000000
-0.000000
 0.113261
-0.113261
-0.000490
 0.006124
 0.113749
-0.112795
 0.000490
-0.006124
 0.112795
-0.113749
 0.000000
 0.000000
 0.110527
-0.110527
 0.000000
-0.000000
 0.115934
-0.115934
-0.000002
-0.000001
 0.113260
-0.113274
-0.000002
-0.000001
 0.113260
-0.113274
 0.000169
-0.001746
 0.113471
-0.114050
-0.000173
 0.001748
 0.113061
-0.112483
 0.000579
-0.000106
 0.114733
-0.113447
-0.000571
 0.000087
 0.111789
-0.113104
 0.000002
 0.000001
 0.113274
-0.113260
 0.000002
 0.000001
 0.113274
-0.113260
 0.000173
-0.001748
 0.112483
-0.113061
-0.000169
 0.001746
 0.114050
-0.113471
-0.000579
 0.000106
 0.113447
-0.114733
 0.000571
-0.000087
 0.113104
-0.111789
