-0.109623
-0.096607
-0.075992
-0.075992
-0.109627
-0.096601
-0.075999
-0.075999
-0.109627
-0.096601
-0.075999
-0.075999
-0.109632
-0.096595
-0.075345
-0.076648
-0.109632
-0.096595
-0.076647
-0.075344
-0.110533
-0.098220
-0.077449
-0.077449
-0.108546
-0.094942
-0.074494
-0.074494
-0.109628
-0.096577
-0.075988
-0.075988
-0.109628
-0.096577
-0.075988
-0.075988
-0.109620
-0.096581
-0.078279
-0.073659
-0.109620
-0.096581
-0.073659
-0.078279
-0.107312
-0.092478
-0.075797
-0.075797
-0.111758
-0.100677
-0.076144
-0.076144
-0.109619
-0.096603
-0.075983
-0.075992
-0.109619
-0.096603
-0.075983
-0.075992
-0.109094
-0.096042
-0.074284
-0.075946
-0.110146
-0.097165
-0.077693
-0.076039
-0.110237
-0.097836
-0.074821
-0.075851
-0.109007
-0.095376
-0.077147
-0.076133
-0.109619
-0.096603
-0.075992
-0.075983
-0.109619
-0.096603
-0.075992
-0.075983
-0.110146
-0.097165
-0.076039
-0.077693
-0.109094
-0.096042
-0.075946
-0.074284
-0.110237
-0.097836
-0.075851
-0.074821
-0.109007
-0.095376
-0.076133
-0.077147
