 0.080497
-0.009472
-0.009472
-0.061554
 0.080504
-0.009483
-0.009483
-0.061538
 0.080504
-0.009483
-0.009483
-0.061538
 0.080499
-0.014376
-0.004568
-0.061556
 0.080499
-0.004568
-0.014376
-0.061556
 0.080406
-0.012590
-0.012590
-0.055225
 0.080561
-0.006374
-0.006374
-0.067813
 0.080499
-0.009484
-0.009469
-0.061547
 0.080499
-0.009484
-0.009469
-0.061547
 0.079857
-0.006356
-0.010568
-0.062933
 0.081130
-0.012582
-0.008375
-0.060173
 0.079985
-0.007425
-0.009510
-0.063050
 0.081011
-0.011532
-0.009422
-0.060057
 0.080499
-0.009469
-0.009484
-0.061547
 0.080499
-0.009469
-0.009484
-0.061547
 0.081130
-0.008375
-0.012582
-0.060173
 0.079857
-0.010568
-0.006356
-0.062933
 0.079985
-0.009510
-0.007425
-0.063050
 0.081011
-0.009422
-0.011532
-0.060057
 0.080500
-0.009469
-0.009469
-0.061563
 0.080500
-0.009469
-0.009469
-0.061563
 0.080502
-0.008774
-0.010164
-0.061564
 0.080502
-0.010164
-0.008774
-0.061564
 0.081586
-0.008378
-0.008378
-0.064830
 0.079379
-0.010575
-0.010575
-0.058229
