 0.000000
-0.000000
 0.000000
 0.000000
 0.002843
-0.001499
-0.001499
-0.003483
-0.002843
 0.001499
 0.001499
 0.003483
 0.000000
-0.000000
 0.000000
 0.000000
 0.000000
 0.000000
-0.000000
 0.000000
 0.000000
-0.000000
-0.000000
 0.000000
-0.000000
-0.000000
-0.000000
 0.000000
-0.000619
 0.000720
 0.000290
 0.000777
 0.000619
-0.000720
-0.000290
-0.000777
 0.000000
 0.000000
 0.000000
 0.000000
-0.000000
-0.000000
 0.000000
-0.000000
 0.000000
 0.000000
 0.000000
 0.000000
 0.000000
-0.000000
-0.000000
 0.000000
-0.000619
 0.000290
 0.000720
 0.000777
 0.000619
-0.000290
-0.000720
-0.000777
 0.000000
-0.000000
-0.000000
 0.000000
-0.000000
 0.000000
-0.000000
 0.000000
 0.000000
 0.000000
 0.000000
-0.000000
 0.000000
-0.000000
-0.000000
 0.000000
-0.001606
 0.000489
 0.000489
 0.001929
 0.001606
-0.000489
-0.000489
-0.001929
 0.000000
-0.000000
-0.000000
 0.000000
 0.000000
 0.000000
 0.000000
 0.000000
 0.000000
-0.000000
-0.000000
 0.000000
 0.000000
 0.000000
 0.000000
 0.000000
