-0.000000
-0.061324
 0.061324
 0.000000
 0.000000
-0.061315
 0.061315
-0.000000
-0.000000
-0.061315
 0.061315
 0.000000
 0.001032
-0.060405
 0.062255
-0.003942
-0.001032
-0.062255
 0.060405
 0.003942
 0.000000
-0.059014
 0.059014
 0.000000
 0.000000
-0.063609
 0.063609
 0.000000
-0.000003
-0.061319
 0.061326
 0.000001
-0.000003
-0.061319
 0.061326
 0.000001
 0.000157
-0.061158
 0.060201
 0.000381
-0.000147
-0.061504
 0.062426
-0.000372
 0.000378
-0.062176
 0.061377
-0.000991
-0.000375
-0.060474
 0.061277
 0.000969
 0.000003
-0.061326
 0.061319
-0.000001
 0.000003
-0.061326
 0.061319
-0.000001
 0.000147
-0.062426
 0.061504
 0.000372
-0.000157
-0.060201
 0.061158
-0.000381
-0.000378
-0.061377
 0.062176
 0.000991
 0.000375
-0.061277
 0.060474
-0.000969
-0.000000
-0.061327
 0.061327
 0.000000
 0.000000
-0.061327
 0.061327
 0.000000
-0.001337
-0.061314
 0.061343
 0.003189
 0.001337
-0.061343
 0.061314
-0.003189
 0.000000
-0.062708
 0.062708
 0.000000
-0.000000
-0.059914
 0.059914
 0.000000
