-0.136773
-0.020195
-0.020195
 0.157628
-0.136771
-0.020194
-0.020194
 0.157611
-0.136771
-0.020194
-0.020194
 0.157611
-0.136761
-0.018162
-0.022244
 0.157613
-0.136761
-0.022244
-0.018162
 0.157613
-0.136994
-0.020875
-0.020875
 0.160491
-0.136589
-0.019500
-0.019500
 0.154833
-0.136775
-0.020193
-0.020197
 0.157633
-0.136775
-0.020193
-0.020197
 0.157633
-0.136222
-0.021068
-0.019830
 0.156354
-0.137313
-0.019351
-0.020563
 0.158902
-0.136989
-0.019025
-0.019541
 0.156001
-0.136562
-0.021352
-0.020853
 0.159244
-0.136775
-0.020197
-0.020193
 0.157633
-0.136775
-0.020197
-0.020193
 0.157633
-0.137313
-0.020563
-0.019351
 0.158902
-0.136222
-0.019830
-0.021068
 0.156354
-0.136989
-0.019541
-0.019025
 0.156001
-0.136562
-0.020853
-0.021352
 0.159244
-0.136767
-0.020199
-0.020199
 0.157618
-0.136767
-0.020199
-0.020199
 0.157618
-0.136767
-0.021011
-0.019379
 0.157607
-0.136767
-0.019379
-0.021011
 0.157607
-0.136159
-0.021316
-0.021316
 0.158067
-0.137418
-0.019053
-0.019053
 0.157238
