-0.185939
 0.211583
-0.012822
-0.012822
-0.185950
 0.211580
-0.012815
-0.012815
-0.185950
 0.211580
-0.012815
-0.012815
-0.185949
 0.211584
-0.011600
-0.014035
-0.185949
 0.211584
-0.014035
-0.011600
-0.188805
 0.210695
-0.010945
-0.010945
-0.183045
 0.212496
-0.014725
-0.014725
-0.185934
 0.211587
-0.012827
-0.012827
-0.185933
 0.211587
-0.012827
-0.012827
-0.185930
 0.211585
-0.018989
-0.006666
-0.185930
 0.211585
-0.006666
-0.018989
-0.180950
 0.214018
-0.016534
-0.016534
-0.190894
 0.209180
-0.009143
-0.009143
-0.185935
 0.211587
-0.012835
-0.012818
-0.185935
 0.211587
-0.012835
-0.012818
-0.186917
 0.210724
-0.009429
-0.014377
-0.184955
 0.212433
-0.016209
-0.011269
-0.186983
 0.210824
-0.010758
-0.013083
-0.184892
 0.212343
-0.014904
-0.012548
-0.185935
 0.211587
-0.012818
-0.012835
-0.185935
 0.211587
-0.012818
-0.012835
-0.184955
 0.212433
-0.011269
-0.016209
-0.186917
 0.210724
-0.014377
-0.009429
-0.186983
 0.210824
-0.013083
-0.010758
-0.184892
 0.212343
-0.012548
-0.014904
