-0.000000
 0.000000
-0.000000
 0.000000
 0.000141
-0.002512
 0.000894
 0.000894
-0.000141
 0.002512
-0.000894
-0.000894
-0.000000
 0.000000
-0.000000
 0.000000
-0.000000
 0.000000
 0.000000
 0.000000
-0.000000
 0.000000
-0.000000
 0.000000
 0.000000
 0.000000
 0.000000
 0.000000
-0.000757
 0.004958
-0.002076
-0.002076
 0.000757
-0.004958
 0.002076
 0.002076
-0.000000
 0.000000
 0.000000
-0.000000
-0.000000
 0.000000
-0.000000
 0.000000
 0.000000
 0.000000
 0.000000
 0.000000
-0.000000
 0.000000
-0.000000
 0.000000
 0.000308
-0.001223
 0.000818
 0.000364
-0.000308
 0.001223
-0.000818
-0.000364
-0.000000
 0.000000
 0.000000
 0.000000
-0.000000
 0.000000
 0.000000
 0.000000
-0.000000
 0.000000
-0.000000
 0.000000
-0.000000
 0.000000
-0.000000
 0.000000
 0.000308
-0.001223
 0.000364
 0.000818
-0.000308
 0.001223
-0.000364
-0.000818
-0.000000
 0.000000
-0.000000
 0.000000
 0.000000
 0.000000
 0.000000
 0.000000
-0.000000
 0.000000
-0.000000
 0.000000
 0.000000
 0.000000
-0.000000
-0.000000
