-0.000000
 0.000000
-0.065662
 0.065662
-0.000000
-0.000000
-0.065668
 0.065668
-0.000000
-0.000000
-0.065668
 0.065668
 0.000654
-0.002028
-0.065696
 0.065642
-0.000654
 0.002028
-0.065642
 0.065696
 0.000000
 0.000000
-0.067600
 0.067600
-0.000000
-0.000000
-0.063682
 0.063682
-0.000000
-0.000000
-0.065655
 0.065655
-0.000000
-0.000000
-0.065655
 0.065655
-0.000644
 0.001759
-0.064687
 0.066656
 0.000644
-0.001759
-0.066656
 0.064687
-0.000000
-0.000000
-0.063146
 0.063146
-0.000000
-0.000000
-0.068148
 0.068148
 0.000001
-0.000005
-0.065658
 0.065665
 0.000001
-0.000005
-0.065658
 0.065665
-0.000003
 0.000139
-0.065387
 0.064409
 0.000007
-0.000129
-0.065957
 0.066893
-0.000424
 0.000719
-0.066279
 0.065591
 0.000415
-0.000716
-0.065044
 0.065740
-0.000001
 0.000005
-0.065665
 0.065658
-0.000001
 0.000005
-0.065665
 0.065658
-0.000007
 0.000129
-0.066893
 0.065957
 0.000003
-0.000139
-0.064409
 0.065387
 0.000424
-0.000719
-0.065591
 0.066279
-0.000415
 0.000716
-0.065740
 0.065044
