-0.043417
-0.057479
-0.009987
-0.009987
-0.043428
-0.057472
-0.009993
-0.009993
-0.043428
-0.057472
-0.009993
-0.009993
-0.043431
-0.057471
-0.011478
-0.008493
-0.043431
-0.057471
-0.008493
-0.011478
-0.045398
-0.058699
-0.011218
-0.011218
-0.041266
-0.056234
-0.008740
-0.008740
-0.043426
-0.057474
-0.009987
-0.009987
-0.043426
-0.057474
-0.009987
-0.009987
-0.043424
-0.057462
-0.007350
-0.012645
-0.043424
-0.057462
-0.012645
-0.007350
-0.039944
-0.055262
-0.010996
-0.010996
-0.046746
-0.059662
-0.008986
-0.008986
-0.043414
-0.057481
-0.009985
-0.009989
-0.043414
-0.057481
-0.009985
-0.009989
-0.044177
-0.057124
-0.010707
-0.009538
-0.042660
-0.057821
-0.009297
-0.010438
-0.044086
-0.057964
-0.008412
-0.009313
-0.042750
-0.056996
-0.011547
-0.010665
-0.043414
-0.057481
-0.009989
-0.009985
-0.043414
-0.057481
-0.009989
-0.009985
-0.042660
-0.057821
-0.010438
-0.009297
-0.044177
-0.057124
-0.009538
-0.010707
-0.044086
-0.057964
-0.009313
-0.008412
-0.042750
-0.056996
-0.010665
-0.011547
